* Trace Record Definition
* GamsExit
* InputFileName NumberOfVariables NumberOfEquations NumberOfNonZeros ModelStatus SolverTime ObjectiveValue ObjectiveValueEstimate WallTime
*
beasleyC3 2501 1751 6251 8 1387.34 769 693.708372795746 1861.344
berlin 5305 2705 13261 1 52.72 1044 1044 74.346
brasil 6613 3365 16531 1 107.52 13655 13655 143.908
g150x1100 2201 1251 6601 8 1352.07 71971 71214.1854194845 1823.201
g150x1650 3301 1801 9901 8 1461.94 68819 67549.1628836731 1861.474
g200x740b 1481 941 4441 8 1375.47 179279 178963.889353147 1861.377
g200x740e 1481 941 4441 1 3.76 600396 600396 7.818
g200x740g 1481 941 4441 8 825.37 45369 38640.4580322381 1853.546
g200x740h 1481 941 4441 8 865.2 132045 127852.558688187 1801.423
g200x740i 1481 941 4441 8 587.47 31628 27745.3418589812 1801.354
g200x740 1481 941 4441 8 1226.53 44316.9999999999 44127.5763450883 1801.374
h50x2450b 4901 2550 17053 1 25.7 3030.198086 3030.198086 449.272
h50x2450c 4901 2550 17053 1 55.42 4896.196619 4896.196619 433.388
h50x2450d 4901 2550 17053 1 241.74 4639.264786 4639.264786 439.211
h50x2450e 4901 2550 17053 1 65.1 4077.68419900706 4077.68419897806 421.649
h50x2450 4901 2550 17053 1 234.94 32906.880834 32906.880834 533.724
h80x6320b 12641 6480 44083 8 1491.57 6003.179413 5929.64165673671 1806.476
h80x6320c 12641 6480 44083 8 1555.12 6273.627361 6213.64532734847 1861.568
h80x6320d 12641 6480 44083 8 1560.23 6382.09905000001 6276.40834029269 1861.751
k16x240b 481 257 1441 8 1626.32 11393.0000000004 11164.1861400247 1860.540
k16x240 481 257 1441 8 1654.22 10674 10177.1033299481 1861.469
k20x380 761 401 2281 1 1067.36 1940.99999999999 1940.9999999837 1252.688
l451x885 1771 1337 4876 8 151.32 431626 425432.136526582 1811.311
mc11 3041 1921 7601 8 1095.66 11714 11522.4264666212 1859.661
mc7 3041 1921 7601 8 1098.23 3445 3313.879893862 1801.406
mc8 3041 1921 7601 8 1270.74 1640 1524.81567508329 1861.467
p100x588b 1177 689 3478 8 1391.25 48844 45420.2106821522 1861.366
p100x588 1177 689 3478 8 1547.16 8975 8794.57733247113 1861.391
p200x1188b 2377 1389 6982 8 1352.91 56965 51699.0914250079 1861.539
p200x1188 2377 1389 6982 8 1421.3 11426 10964.5566968332 1801.481
p500x2988b 5977 3489 17676 8 1037.73 176026 165293.286727994 1885.065
p500x2988 5977 3489 17676 8 1086.79 71885 71041.6633074102 1838.088
p80x400b 801 481 2371 8 1496.73 39903 38116.0974895458 1801.189
p80x400 801 481 2371 1 1285.53 8548 8548 1543.820
r20x200 401 221 1201 1 786.06 14783 14783 964.029
r50x360 721 411 2161 1 707.53 1652.99999999998 1653 1264.884
r80x800 1601 881 4801 8 1190.73 5392 5168.03857750862 1811.519
