* Trace Record Definition
* GamsExit
* InputFileName NumberOfVariables NumberOfEquations NumberOfNonZeros ModelStatus SolverTime ObjectiveValue ObjectiveValueEstimate WallTime
*
beasleyC3 2501 1751 6251 8 1672.25 903 699.860519678187 1828.795
berlin 5305 2705 13261 1 52.09 1044 1044 73.154
brasil 6613 3365 16531 1 105.24 13655 13655 141.379
g150x1100 2201 1251 6601 8 1608.57 71826.0000000079 71302.2816410712 1826.884
g150x1650 3301 1801 9901 8 1516.5 68807 67786.1492240606 1801.485
g200x740b 1481 941 4441 8 1432.16 179279.000000004 178530.746686465 1801.443
g200x740e 1481 941 4441 1 3.58 600396 600396 7.641
g200x740g 1481 941 4441 8 1147.86 45556 38673.6061501081 1853.814
g200x740h 1481 941 4441 8 793.66 133422 127874.203200941 1801.340
g200x740i 1481 941 4441 8 1251.14 32843 27568.7533183854 1801.423
g200x740 1481 941 4441 8 1385.11 44328.000000 44069.0808167222 1861.271
h50x2450b 4901 2550 17053 1 26.47 3030.198086 3030.198086 43.550
h50x2450c 4901 2550 17053 1 55.3 4896.196619 4896.196619 104.803
h50x2450d 4901 2550 17053 1 131.68 4639.26478599682 4639.26478599987 195.229
h50x2450e 4901 2550 17053 1 46.42 4077.68419899948 4077.68419901763 84.534
h50x2450 4901 2550 17053 1 162.52 32906.880834 32906.880834 233.168
h80x6320b 12641 6480 44083 8 1457.42 6003.17941300013 5943.36016115785 1861.103
h80x6320c 12641 6480 44083 8 1459.3 6273.627361 6235.51369327228 1861.534
h80x6320d 12641 6480 44083 8 1461.4 6383.05256099999 6272.26794015973 1814.846
k16x240b 481 257 1441 8 1795.15 11404.9999999989 11088.7599453842 1860.866
k16x240 481 257 1441 8 1777.52 10674 10209.2523355459 1861.449
k20x380 761 401 2281 1 1334.16 1941 1941 1416.807
l451x885 1771 1337 4876 8 89.9 431720 425565.614495015 1825.701
mc11 3041 1921 7601 8 1439.51 11692.0000 11625.5863078551 1861.277
mc7 3041 1921 7601 8 1557.07 3529 3308.00180394098 1801.370
mc8 3041 1921 7601 8 1432.4 1638.99999999996 1514.91791650911 1801.395
p100x588b 1177 689 3478 8 1575.13 49096.0000052954 45531.5625279877 1801.315
p100x588 1177 689 3478 8 1592.85 9028 8781.80121575249 1801.342
p200x1188b 2377 1389 6982 8 1419.81 57419.0000049095 51886.8572482354 1801.445
p200x1188 2377 1389 6982 8 1526.53 11410.9999999983 10994.9047170681 1801.463
p500x2988b 5977 3489 17676 8 1299.05 177102.0000 165379.399262152 1861.732
p500x2988 5977 3489 17676 8 1225.75 71842.0000000001 71124.8319431138 1801.421
p80x400b 801 481 2371 8 1700.79 40360.0000006444 38028.2990246403 1861.233
p80x400 801 481 2371 8 1744.63 8548.00000000001 8530.06914449673 1861.364
r20x200 401 221 1201 1 380.65 14783 14783 428.332
r50x360 721 411 2161 1 643.03 1653 1653 972.382
r80x800 1601 881 4801 8 1405.95 5401.000000 5175.80316311393 1841.637
