* Trace Record Definition
* GamsExit
* InputFileName NumberOfVariables NumberOfEquations NumberOfNonZeros ModelStatus SolverTime ObjectiveValue ObjectiveValueEstimate WallTime
*
beasleyC1 2501 1751 6251 1 12.52 85 85 12.827
beasleyC2 2501 1751 6251 8 1800.04 144.000000000011 137.269564874043 1810.021
beasleyC3 2501 1751 6251 8 1800.05 761.999999999999 674.809164984306 1808.793
beavma 391 373 1320 1 0.22 383285 383285 0.282
berlin 5305 2705 13261 8 1800.09 1080 722.64745995173 1809.257
brasil 6613 3365 16531 8 1800.09 13682 11168.6966600179 1809.324
fixnet6 1001 601 2795 1 0.55 3982.99999999995 3982.99999999994 0.680
g150x1100 2201 1251 6601 8 1800.06 72168.000000 68221.0425776237 1806.247
g150x1650 3301 1801 9901 8 1800.06 68704.0000000001 63623.9991382052 1807.962
g180x666 1333 847 3997 1 1.48 624632 624632 1.657
g200x740 1481 941 4441 8 1800.05 44316 44302.7752427497 1803.206
g200x740b 1481 941 4441 1 432.26 179279 179279 433.271
g200x740c 1481 941 4441 1 38.08 680124 680124 38.294
g200x740d 1481 941 4441 1 7.85 586038 586038 8.018
g200x740e 1481 941 4441 1 2.83 600396 600396 3.023
g200x740f 1481 941 4441 1 1.46 617872 617872 1.642
g200x740g 1481 941 4441 8 1800.04 46723 38275.1121832227 1805.459
g200x740h 1481 941 4441 8 1800.03 132562 127632.537980562 1803.409
g200x740i 1481 941 4441 8 1800.03 32826 26720.586727884 1808.648
g40x132 265 173 793 1 7.41 26629 26629 7.521
g50x170 341 221 1021 1 2.61 25576 25576 2.685
g55x188 377 244 1129 8 1800.01 24487 24451.60693997 1806.841
g55x188c 377 244 1129 1 0.42 35464 35464 0.498
h50x2450 4901 2550 17053 8 1800.07 32906.880834 32100.7026955905 1810.077
h50x2450b 4901 2550 17053 1 14.39 3030.19808600001 3030.198086 14.972
h50x2450c 4901 2550 17053 1 500.74 4896.196619 4896.19661896496 502.563
h50x2450d 4901 2550 17053 1 1748.97 4639.264786 4639.26478600001 1754.331
h50x2450e 4901 2550 17053 1 1419.74 4077.684199 4077.684199 1424.062
h80x6320b 12641 6480 44083 8 1797.94 6020.93939400002 5527.03322200929 1814.171
h80x6320c 12641 6480 44083 8 1800.16 6281.377083 5955.10181097658 1819.680
h80x6320d 12641 6480 44083 8 1800.12 6387.980653 5951.25312474729 1819.373
k10x90 181 101 541 1 0.32 568 568.000000000003 0.388
k14x182 365 197 1093 1 1.46 8491 8491 1.526
k14x182b 365 197 1093 1 0.99 11042 11042 1.048
k15x210 421 226 1261 1 0.19 16127.9999999998 16128 0.254
k15x420 841 436 2521 1 0.78 819 818.999999999981 0.898
k15x630 1261 646 3781 1 1.57 936 936 1.732
k16x240 481 257 1441 8 1800.02 10674 9951.71073476214 1806.020
k16x240b 481 257 1441 8 1800.04 11393 10819.2223751966 1804.889
k20x380 761 401 2281 1 1241.29 1940.99999999998 1941.00000000004 1242.915
k20x380b 761 401 2281 1 0.15 11343 11343 0.234
k20x380c 761 401 2281 1 0.39 17159.0000000007 17159 0.502
k20x380d 761 401 2281 1 0.25 20979 20979 0.370
k20x380e 761 401 2281 1 0.11 6904 6904 0.203
l121x232 465 354 1281 1 0.17 192446 192446 0.237
l451x885 1771 1337 4876 8 1800.03 431050 429407.338363877 1810.579
l451x885b 1771 1337 4876 1 59.53 560847 560847 59.906
l61x114 229 176 631 1 0.04 60085 60085 0.090
mc11 3041 1921 7601 8 1800.05 11994 11103.1771458632 1807.013
mc7 3041 1921 7601 8 1800.05 3439 3326.22989151119 1804.436
mc8 3041 1921 7601 8 1799.81 1577 1467.97574621647 1808.527
mtest4ma 1951 1175 6826 1 3.28 52147.9999999997 52148.0000000011 3.498
p100x588 1177 689 3478 8 1800.04 8975.00000000008 8763.47389307883 1808.208
p100x588b 1177 689 3478 8 1800.02 48238.9999999815 44134.0896894525 1803.931
p100x588c 1177 689 3468 1 1.51 172770 172770 1.647
p100x588d 1177 689 2941 1 0.06 5 5 0.166
p200x1188 2377 1389 6982 8 1800.04 11402 11057.251935471 1803.981
p200x1188b 2377 1389 6982 8 1800.05 56042 52342.5774385569 1804.466
p200x1188c 2377 1389 5941 1 9.48 15078 15078 9.771
p500x2988 5977 3489 17676 8 1800.08 71836 71414.5205598059 1813.445
p500x2988b 5977 3489 17676 8 1800.09 175666 165476.494240288 1811.238
p500x2988c 5977 3489 17650 1 2.59 15215 15215 3.148
p500x2988d 5977 3489 14941 1 0.3 6 6 0.743
p50x288 577 339 1704 1 1.51 6134 6134 1.605
p50x288b 577 339 1704 1 159.51 21753 21753 160.019
p50x576 1153 627 3457 1 0.73 19407 19407 0.842
p50x864 1729 915 5185 1 1.6 19007 19007 1.742
p80x400 801 481 2371 8 1800.02 8547.99999999999 8484.52493695738 1807.649
p80x400b 801 481 2371 8 1800.01 39735 36565.4674449966 1808.322
r20x100 201 121 601 1 2.94 15603 15603 3.002
r20x200 401 221 1201 1 1751.45 14783 14783.0000000001 1761.589
r30x160 321 191 961 1 47.058 21827 21827 47.509
r50x360 721 411 2161 8 1800.02 1652.99999999998 1632.73887090298 1805.202
r80x800 1601 881 4801 8 1800.06 5357.99999999993 5125.88182969189 1801.564
sp100x200 401 301 1201 1 3.535 34507 34507 3.725
sp150x300 601 451 1801 1 0.2 30918 30918 0.380
sp150x300b 601 451 1501 1 25.777 56 56 25.988
sp150x300c 601 451 1801 1 0.5 560736 560736 0.691
sp150x300d 601 451 1501 1 6.9 69 69 7.068
sp50x100 201 151 601 1 0.02 50967.9999999999 50967.9999999999 0.211
sp80x160 321 241 961 1 0.05 19549 19549 0.210
sp90x180 361 271 1081 1 0.09 68862 68862 0.261
sp90x250 501 341 1501 1 0.05 23570.9999999999 23570.9999999999 0.220
