* Trace Record Definition
* GamsExit
* InputFileName NumberOfVariables NumberOfEquations NumberOfNonZeros ModelStatus SolverTime ObjectiveValue ObjectiveValueEstimate WallTime
*
beasleyC1 2501 1751 6251 1 2.64 85 85 2.867
beasleyC2 2501 1751 6251 1 420.08 144 144 435.738
beasleyC3 2501 1751 6251 8 1751.59 775 719.935729980469 1801.984
beavma 391 373 1320 1 0.15 383285 383285 0.252
berlin 5305 2705 13261 8 1760.03 1729 711.723876953125 1802.639
brasil 6613 3365 16531 8 1768.75 20747 10659.28515625 1806.171
fixnet6 1001 601 2795 1 1.2 3982.99999077361 3982.99999077361 1.368
g150x1100 2201 1251 6601 8 1731.89 75335 69621.2890625 1801.226
g150x1650 3301 1801 9901 8 1707.03 78663 64857.3671875 1803.782
g180x666 1333 847 3997 1 39.62 624632 624632 40.068
g200x740b 1481 941 4441 8 1715.64 179558 178748.859375 1806.177
g200x740c 1481 941 4441 1 4.43 680124 680124 4.647
g200x740d 1481 941 4441 1 6.91 586038 586038 7.106
g200x740e 1481 941 4441 1 224.09 600396 600396 225.767
g200x740f 1481 941 4441 1 61.39 617872 617872 62.082
g200x740g 1481 941 4441 8 1715.96 53424 34514.640625 1803.378
g200x740h 1481 941 4441 8 1693.54 137049 124032.015625 1804.480
g200x740i 1481 941 4441 8 1719.8 40627 24840.3984375 1800.995
g200x740 1481 941 4441 8 1706.07 44390 44113.18359375 1804.939
g40x132 265 173 793 1 2.87 26629 26629 2.981
g50x170 341 221 1021 1 5.55 25576 25576 5.730
g55x188c 377 244 1129 1 0.35 35464 35464 0.423
g55x188 377 244 1129 8 1538.19 24580 24093.14453125 1578.440
h50x2450b 4901 2550 17053 8 1671.42 3032.236172 2983.98876953125 1805.046
h50x2450c 4901 2550 17053 8 1721.32 4911.41631 4663.884765625 1802.350
h50x2450d 4901 2550 17053 8 1704.04 4662.54208 4493.43505859375 1801.074
h50x2450e 4901 2550 17053 8 1720.1 4104.523264 3909.24975585938 1804.761
h50x2450 4901 2550 17053 8 1723.09 35631.837036 29890.810546875 1801.296
h80x6320b 12641 6480 44083 8 1675.3 7111.973943 5570.74169921875 1803.232
h80x6320c 12641 6480 44083 8 1687.49 6831.377983 5959.41748046875 1804.901
h80x6320d 12641 6480 44083 8 1667.09 8586.250612 5906.07861328125 1806.751
k10x90 181 101 541 1 0.55 568 568 0.622
k14x182b 365 197 1093 1 0.35 11042 11042 0.422
k14x182 365 197 1093 1 2.57 8491 8491 2.835
k15x210 421 226 1261 1 0.46 16128 16128 0.539
k15x420 841 436 2521 1 0.22 819 819 0.340
k15x630 1261 646 3781 1 0.83 935.999999999999 936 1.001
k16x240b 481 257 1441 8 1167.72 11647 10554.5009765625 1192.019
k16x240 481 257 1441 8 1154.46 10719 9946.6259765625 1187.124
k20x380b 761 401 2281 1 0.31 11343 11343 0.419
k20x380c 761 401 2281 1 1.36 17159 17159 1.467
k20x380d 761 401 2281 1 0.93 20979 20979 1.056
k20x380e 761 401 2281 1 0.21 6904.00000000001 6904 0.322
k20x380 761 401 2281 1 70.67 1941 1941 74.189
l121x232 465 354 1281 1 0.18 192445.999992151 192445.999992151 0.279
l451x885b 1771 1337 4876 1 5.46 560847 560847 5.804
l451x885 1771 1337 4876 1 288.55 431049.999977753 431049.999977753 297.220
l61x114 229 176 631 1 0.07 60085 60085 0.145
mc11 3041 1921 7601 8 1740 13509 10947.89453125 1801.266
mc7 3041 1921 7601 8 1747.71 4114 3307.74633789062 1807.483
mc8 3041 1921 7601 8 1755.18 1976 1393.76232910156 1801.448
mtest4ma 1951 1175 6826 1 4.51 52148 52148 4.701
p100x588b 1177 689 3478 8 1753.49 52793 45096.4609375 1804.425
p100x588c 1177 689 3468 1 1.26 172770 172770 1.451
p100x588d 1177 689 2941 1 0.77 6 -inf 0.902
p100x588 1177 689 3478 8 1760.45 9094 8689.4287109375 1803.060
p200x1188b 2377 1389 6982 8 1720.84 64350 52060.66015625 1801.618
p200x1188c 2377 1389 5941 1 84.47 15078 15078 88.911
p200x1188 2377 1389 6982 8 1708.93 11567 11102.12890625 1804.890
p500x2988b 5977 3489 17676 8 1657.89 195822 140045.90625 1806.293
p500x2988c 5977 3489 17650 1 2.47 15215 15215 3.019
p500x2988d 5977 3489 14941 1 2.55 7 -inf 3.053
p500x2988 5977 3489 17676 8 1664.14 72594 68772.6015625 1806.180
p50x288b 577 339 1704 1 201.43 21753 21753 210.124
p50x288 577 339 1704 1 1.9 6134 6134 2.048
p50x576 1153 627 3457 1 0.68 19407 19407 0.793
p50x864 1729 915 5185 1 1.09 19007 19007 1.248
p80x400b 801 481 2371 8 1759.82 41061 37265.265625 1803.624
p80x400 801 481 2371 8 1757.54 8560 8485.263671875 1806.875
r20x100 201 121 601 1 1.62 15603 15603 1.800
r20x200 401 221 1201 1 852.72 14783 14783 886.094
r30x160 321 191 961 1 39.95 21827 21827 41.530
r50x360 721 411 2161 8 1559.3 1669 1635.85229492188 1582.645
r80x800 1601 881 4801 8 1729.28 5479 5119.072265625 1807.903
sp100x200 401 301 1201 1 0.19 34507 34507 0.266
sp150x300b 601 451 1501 1 2.99 56 56 3.112
sp150x300c 601 451 1801 1 0.28 560735.999956156 560735.999956156 0.374
sp150x300d 601 451 1501 1 0.2 70 -inf 0.296
sp150x300 601 451 1801 1 0.64 30918 30918 0.736
sp50x100 201 151 601 8 0.03 50968 50968 0.091
sp80x160 321 241 961 1 0.04 19548.9998754164 19548.9998754164 0.128
sp90x180 361 271 1081 1 0.07 68861.9999968116 68861.9999968116 0.150
sp90x250 501 341 1501 1 0.06 23570.9998528929 23570.9998528929 0.131
