set block           /b1*b46/;
set contact         /c1*c102/;

table data(block,datain)
    typ e1  e2  e3  e4  e5  e6
b1  1       1   5   9   8
b2  1   5   2   6   11  10
b3  1   6   3   7   13  12
b4  1   7   4       15  14
b5  3       8   16  20
b6  2   16  9   10  17  22  21
b7  2   17  11  12  18  24  23
b8  2   18  13  14  19  26  25
b9  3   19  15      27
b10 2       20  21  28  32  31
b11 2   28  22  23  29      33
b12 2   29  24  25  30  34
b13 2   30  26  27      36  35
b14 3       31  37  39
b15 2   37  32  33      41  40
b16 2       34  35  38  43  42
b17 3   38  36      44
b18 2       39  40  45  48  47
b19 3   45  41      49
b20 3       42  46  50
b21 2   46  43  44      52  51
b22 3       47  53  55
b23 2   53  48  49      57  56
b24 2       50  51  54  59  58
b25 3   54  52      60
b26 2       55  56  61  64  63
b27 3   61  57      65
b28 3       58  62  66
b29 2   62  59  60      68  67
b30 3       63  69  71
b31 2   69  64  65      73  72
b32 2       66  67  70  75  74
b33 3   70  68      76
b34 2       71  72  77  81  80
b35 2   77  73      78  83  82
b36 2   78      74  79  85  84
b37 2   79  75  76      87  86
b38 3       80  88  92
b39 2   88  81  82  89  94  93
b40 2   89  83  84  90  96  95
b41 2   90  85  86  91  98  97
b42 3   91  87      99
b43 2       92  93  100
b44 2   100 94  95  101
b45 2   101 96  97  102
b46 2   102 98  99
;
