set block           /b1*b61/;
set contact         /c1*c120/;

table data(block,datain)
    typ e1  e2  e3  e4  e5  e6
b1  3       1   5   8
b2  1   5   2   6   10  9
b3  1   6   3   7   12  11
b4  3   7   4       13
b5  2       8   9   14  17  16
b6  2   14  10  11  15  19  18
b7  2   15  12  13      21  20
b8  3       16  22  25
b9  2   22  17  18  23      26
b10 2   23  19  20  24  27
b11 3   24  21      28
b12 2       25  26      30  29
b13 2       27  28      32  31
b14 3       29  33  35
b15 3   33  30      36
b16 3       31  34  37
b17 3   34  32      38
b18 2       35  36      40  39
b19 2       37  38      42  41
b20 3       39  43  45
b21 3   43  40      46
b22 3       41  44  47
b23 3   44  42      48
b24 2       45  46      50  49
b25 2       47  48      52  51
b26 3       49  53  56
b27 2   53  50      54  58  57
b28 2   54      51  55  60  59
b29 3   55  52      61
b30 2       56  57  62  65  64
b31 2   62  58  59  63  67  66
b32 2   63  60  61      69  68
b33 3       64  70  73
b34 2   70  65  66  71      74
b35 2   71  67  68  72  75
b36 3   72  69      76
b37 2       73  74      78  77
b38 2       75  76      80  79
b39 3       77  81  83
b40 3   81  78      84
b41 3       79  82  85
b42 3   82  80      86
b43 2       83  84      88  87
b44 2       85  86      90  89
b45 3       87  91  93
b46 3   91  88      94
b47 3       89  92  95
b48 3   92  90      96
b49 2       93  94      98  97
b50 2       95  96      100 99
b51 3       97  101 104
b52 2   101 98      102 106 105
b53 2   102     99  103 108 107
b54 3   103 100     109
b55 2       104 105 110 113 112
b56 2   110 106 107 111 115 114
b57 2   111 108 109     117 116
b58 3       112 118
b59 2   118 113 114 119
b60 2   119 115 116 120
b61 3   120 117
;
