set block           /b1*b33/;
set contact         /c1*c83/;

table data(block,datain)
    typ e1  e2  e3  e4  e5  e6
b1  3       1   7   12
b2  1   7   2   8   14  13
b3  1   8   3   9   16  15
b4  1   9   4   10  18  17
b5  1   10  5   11  20  19
b6  3   11  6       21
b7  2       12  13  22  27  26
b8  2   22  14  15  23  29  28
b9  2   23  16  17  24  31  30
b10 2   24  18  19  25  33  32
b11 2   25  20  21      35  34
b12 3       26  36  41
b13 2   36  27  28  37  43  42
b14 2   37  29  30  38  45  44
b15 2   38  31  32  39  47  46
b16 2   39  33  34  40  49  48
b17 3   40  35      50
b18 2       41  42  51  56  55
b19 2   51  43  44  52  58  57
b20 2   52  45  46  53  60  59
b21 2   53  47  48  54  62  61
b22 2   54  49  50      64  63
b23 3       55  65  70
b24 2   65  56  57  66  72  71
b25 2   66  58  59  67  74  73
b26 2   67  60  61  68  76  75
b27 2   68  62  63  69  78  77
b28 3   69  64      79
b29 2       70  71  80
b30 2   80  72  73  81
b31 2   81  74  75  82
b32 2   82  76  77  83
b33 2   83  78  79
;
