set block           /b1*b55/;
set contact         /c1*c116/;

table data(block,datain)
    typ e1  e2  e3  e4  e5  e6
b1  3       1   7   12
b2  1   7   2   8   14  13
b3  1   8   3   9   16  15
b4  1   9   4   10  18  17
b5  1   10  5   11  20  19
b6  3   11  6       21
b7  2       12  13  22  27  26
b8  2   22  14  15  23  29  28
b9  2   23  16  17  24  31  30
b10 2   24  18  19  25  33  32
b11 2   25  20  21      35  34
b12 3       26  36  41
b13 2   36  27  28  37      42
b14 2   37  29  30  38  43
b15 2   38  31  32  39      44
b16 2   39  33  34  40  45
b17 3   40  35      46
b18 2       41  42      48  47
b19 2       43  44      50  49
b20 2       45  46      52  51
b21 3       47  53  56
b22 3   53  48      57
b23 3       49  54  58
b24 3   54  50      59
b25 3       51  55  60
b26 3   55  52      61
b27 2       56  57      63  62
b28 2       58  59      65  64
b29 2       60  61      67  66
b30 3       62  68  71
b31 3   68  63      72
b32 3       64  69  73
b33 3   69  65      74
b34 3       66  70  75
b35 3   70  67      76
b36 2       71  72      78  77
b37 2       73  74      80  79
b38 2       75  76      82  81
b39 3       77  83  88
b40 2   83  78      84  90  89
b41 2   84      79  85  92  91
b42 2   85  80      86  94  93
b43 2   86      81  87  96  95
b44 3   87  82      97
b45 2       88  89  98  103 102
b46 2   98  90  91  99  105 104
b47 2   99  92  93  100 107 106
b48 2   100 94  95  101 109 108
b49 2   101 96  97      111 110
b50 3       102 112
b51 2   112 103 104 113
b52 2   113 105 106 114
b53 2   114 107 108 115
b54 2   115 109 110 116
b55 3   116 111
;
