* Trace file
emfl_socp_200_25,16876,16926,0,41472,0,#
emfl_socp_200_100,90001,90201,0,236172,0,#
emfl_socp_500_100,180001,180201,0,447957,0,#
emfl_socp_250_225,320626,321076,0,877084,0,#
firl1linfeps,9713,11534,0,412895,0,#
firl2l1alph,7792,9613,0,409053,0,#
firl2linfeps,9030,14712,0,1211486,0,#
fir_socp_10,307,10,0,1711,0,#
fir_socp_20,307,15,0,3231,0,#
fir_socp_40,307,25,0,6271,0,#
fir_socp_80,307,45,0,12351,0,#
nb,917,2384,0,193901,0,#
nb_l1,1709,3177,0,195487,0,#
nb_l2,963,4196,0,407317,0,#
nb_l2_bessel,963,2642,0,212295,0,#
qp7,34,82,0,1585,0,#
qp7_50_100,34,82,0,1585,0,#
qp7_100_100,34,82,0,1585,0,#
qp7_100_170,34,82,0,1585,0,#
sched_50_50_orig,2530,4980,0,27967,0,#
sched_50_50_scaled,2528,4978,0,30462,0,#
sched_100_50_orig,4847,9747,0,60037,0,#
sched_100_50_scaled,4845,9745,0,65032,0,#
sched_100_100_orig,8341,18241,0,113142,0,#
sched_100_100_scaled,8339,18239,0,123137,0,#
sched_200_100_orig,18090,37890,0,278392,0,#
sched_200_100_scaled,18088,37888,0,298387,0,#
springs_10,46,69,0,140,0,#
springs_100,406,609,0,1310,0,#
springs_1000,4006,6009,0,13010,0,#
springs_10000,40006,60009,0,130010,0,#
